 0.409091  0.772727    0.0
 0.409091  0.772727   -0.229091
 0.229091  0.772727   -0.409091
 0.0       0.772727   -0.409091
 0.409091  0.886364    0.0
 0.409091  0.886364   -0.229091
 0.229091  0.886364   -0.409091
 0.0       0.886364   -0.409091
 0.454545  0.886364    0.0
 0.454545  0.886364   -0.254545
 0.254545  0.886364   -0.454545
 0.0       0.886364   -0.454545
 0.454545  0.772727    0.0
 0.454545  0.772727   -0.254545
 0.254545  0.772727   -0.454545
 0.0       0.772727   -0.454545
-0.229091  0.772727   -0.409091
-0.409091  0.772727   -0.229091
-0.409091  0.772727    0.0
-0.229091  0.886364   -0.409091
-0.409091  0.886364   -0.229091
-0.409091  0.886364    0.0
-0.254545  0.886364   -0.454545
-0.454545  0.886364   -0.254545
-0.454545  0.886364    0.0
-0.254545  0.772727   -0.454545
-0.454545  0.772727   -0.254545
-0.454545  0.772727    0.0
-0.409091  0.772727    0.229091
-0.229091  0.772727    0.409091
 0.0       0.772727    0.409091
-0.409091  0.886364    0.229091
-0.229091  0.886364    0.409091
 0.0       0.886364    0.409091
-0.454545  0.886364    0.254545
-0.254545  0.886364    0.454545
 0.0       0.886364    0.454545
-0.454545  0.772727    0.254545
-0.254545  0.772727    0.454545
 0.0       0.772727    0.454545
 0.229091  0.772727    0.409091
 0.409091  0.772727    0.229091
 0.229091  0.886364    0.409091
 0.409091  0.886364    0.229091
 0.254545  0.886364    0.454545
 0.454545  0.886364    0.254545
 0.254545  0.772727    0.454545
 0.454545  0.772727    0.254545
 0.454545  0.545455    0.0
 0.454545  0.545455   -0.254545
 0.254545  0.545455   -0.454545
 0.0       0.545455   -0.454545
 0.454545  0.272727    0.0
 0.454545  0.272727   -0.254545
 0.254545  0.272727   -0.454545
 0.0       0.272727   -0.454545
 0.318182  0.0454545   0.0
 0.318182  0.0454545  -0.178182
 0.178182  0.0454545  -0.318182
 0.0       0.0454545  -0.318182
-0.254545  0.545455   -0.454545
-0.454545  0.545455   -0.254545
-0.454545  0.545455    0.0
-0.254545  0.272727   -0.454545
-0.454545  0.272727   -0.254545
-0.454545  0.272727    0.0
-0.178182  0.0454545  -0.318182
-0.318182  0.0454545  -0.178182
-0.318182  0.0454545   0.0
-0.454545  0.545455    0.254545
-0.254545  0.545455    0.454545
 0.0       0.545455    0.454545
-0.454545  0.272727    0.254545
-0.254545  0.272727    0.454545
 0.0       0.272727    0.454545
-0.318182  0.0454545   0.178182
-0.178182  0.0454545   0.318182
 0.0       0.0454545   0.318182
 0.254545  0.545455    0.454545
 0.454545  0.545455    0.254545
 0.254545  0.272727    0.454545
 0.454545  0.272727    0.254545
 0.178182  0.0454545   0.318182
 0.318182  0.0454545   0.178182
 0.545455  0.0454545   0.0
 0.545455  0.0454545  -0.305455
 0.305455  0.0454545  -0.545455
 0.0       0.0454545  -0.545455
 0.727273  0.136364    0.0
 0.727273  0.136364   -0.407273
 0.407273  0.136364   -0.727273
 0.0       0.136364   -0.727273
 0.909091  0.136364    0.0
 0.909091  0.136364   -0.509091
 0.509091  0.136364   -0.909091
 0.0       0.136364   -0.909091
-0.305455  0.0454545  -0.545455
-0.545455  0.0454545  -0.305455
-0.545455  0.0454545   0.0
-0.407273  0.136364   -0.727273
-0.727273  0.136364   -0.407273
-0.727273  0.136364    0.0
-0.509091  0.136364   -0.909091
-0.909091  0.136364   -0.509091
-0.909091  0.136364    0.0
-0.545455  0.0454545   0.305455
-0.305455  0.0454545   0.545455
 0.0       0.0454545   0.545455
-0.727273  0.136364    0.407273
-0.407273  0.136364    0.727273
 0.0       0.136364    0.727273
-0.909091  0.136364    0.509091
-0.509091  0.136364    0.909091
 0.0       0.136364    0.909091
 0.305455  0.0454545   0.545455
 0.545455  0.0454545   0.305455
 0.407273  0.136364    0.727273
 0.727273  0.136364    0.407273
 0.509091  0.136364    0.909091
 0.909091  0.136364    0.509091
 1.0       0.136364    0.0
 1.0       0.136364   -0.56
 0.56      0.136364   -1.0
 0.0       0.136364   -1.0
 1.0       0.0909091   0.0
 1.0       0.0909091  -0.56
 0.56      0.0909091  -1.0
 0.0       0.0909091  -1.0
 0.909091  0.0909091   0.0
 0.909091  0.0909091  -0.509091
 0.509091  0.0909091  -0.909091
 0.0       0.0909091  -0.909091
-0.56      0.136364   -1.0
-1.0       0.136364   -0.56
-1.0       0.136364    0.0
-0.56      0.0909091  -1.0
-1.0       0.0909091  -0.56
-1.0       0.0909091   0.0
-0.509091  0.0909091  -0.909091
-0.909091  0.0909091  -0.509091
-0.909091  0.0909091   0.0
-1.0       0.136364    0.56
-0.56      0.136364    1.0
 0.0       0.136364    1.0
-1.0       0.0909091   0.56
-0.56      0.0909091   1.0
 0.0       0.0909091   1.0
-0.909091  0.0909091   0.509091
-0.509091  0.0909091   0.909091
 0.0       0.0909091   0.909091
 0.56      0.136364    1.0
 1.0       0.136364    0.56
 0.56      0.0909091   1.0
 1.0       0.0909091   0.56
 0.509091  0.0909091   0.909091
 0.909091  0.0909091   0.509091
 0.727273  0.0909091   0.0
 0.727273  0.0909091  -0.407273
 0.407273  0.0909091  -0.727273
 0.0       0.0909091  -0.727273
 0.545455  0.0         0.0
 0.545455  0.0        -0.305455
 0.305455  0.0        -0.545455
 0.0       0.0        -0.545455
 0.318182  0.0         0.0
 0.318182  0.0        -0.178182
 0.178182  0.0        -0.318182
 0.0       0.0        -0.318182
-0.407273  0.0909091  -0.727273
-0.727273  0.0909091  -0.407273
-0.727273  0.0909091   0.0
-0.305455  0.0        -0.545455
-0.545455  0.0        -0.305455
-0.545455  0.0         0.0
-0.178182  0.0        -0.318182
-0.318182  0.0        -0.178182
-0.318182  0.0         0.0
-0.727273  0.0909091   0.407273
-0.407273  0.0909091   0.727273
 0.0       0.0909091   0.727273
-0.545455  0.0         0.305455
-0.305455  0.0         0.545455
 0.0       0.0         0.545455
-0.318182  0.0         0.178182
-0.178182  0.0         0.318182
 0.0       0.0         0.318182
 0.407273  0.0909091   0.727273
 0.727273  0.0909091   0.407273
 0.305455  0.0         0.545455
 0.545455  0.0         0.305455
 0.178182  0.0         0.318182
 0.318182  0.0         0.178182
 0.272727  0.0454545   0.0
 0.272727  0.0454545  -0.152727
 0.152727  0.0454545  -0.272727
 0.0       0.0454545  -0.272727
 0.409091  0.272727    0.0
 0.409091  0.272727   -0.229091
 0.229091  0.272727   -0.409091
 0.0       0.272727   -0.409091
 0.409091  0.545455    0.0
 0.409091  0.545455   -0.229091
 0.229091  0.545455   -0.409091
 0.0       0.545455   -0.409091
-0.152727  0.0454545  -0.272727
-0.272727  0.0454545  -0.152727
-0.272727  0.0454545   0.0
-0.229091  0.272727   -0.409091
-0.409091  0.272727   -0.229091
-0.409091  0.272727    0.0
-0.229091  0.545455   -0.409091
-0.409091  0.545455   -0.229091
-0.409091  0.545455    0.0
-0.272727  0.0454545   0.152727
-0.152727  0.0454545   0.272727
 0.0       0.0454545   0.272727
-0.409091  0.272727    0.229091
-0.229091  0.272727    0.409091
 0.0       0.272727    0.409091
-0.409091  0.545455    0.229091
-0.229091  0.545455    0.409091
 0.0       0.545455    0.409091
 0.152727  0.0454545   0.272727
 0.272727  0.0454545   0.152727
 0.229091  0.272727    0.409091
 0.409091  0.272727    0.229091
 0.229091  0.545455    0.409091
 0.409091  0.545455    0.229091
-0.454545  0.704545    0.0
-0.454545  0.704545   -0.0454545
-0.454545  0.772727   -0.0454545
-0.772727  0.863636    0.0
-0.772727  0.863636   -0.0454545
-0.818182  0.954545   -0.0454545
-0.818182  0.954545    0.0
-0.772727  0.522727    0.0
-0.772727  0.522727   -0.0454545
-0.909091  0.477273   -0.0454545
-0.909091  0.477273    0.0
-0.409091  0.363636    0.0
-0.409091  0.363636   -0.0454545
-0.409091  0.295455   -0.0454545
-0.409091  0.295455    0.0
-0.454545  0.772727    0.0454545
-0.454545  0.704545    0.0454545
-0.818182  0.954545    0.0454545
-0.772727  0.863636    0.0454545
-0.909091  0.477273    0.0454545
-0.772727  0.522727    0.0454545
-0.409091  0.295455    0.0454545
-0.409091  0.363636    0.0454545